tree
version=v4
num_class=1
num_tree_per_iteration=1
label_index=0
max_feature_idx=4
objective=binary sigmoid:1
feature_names=Column_0 Column_1 Column_2 Column_3 Column_4
feature_infos=[-28309.456503484074:509225.52946006518] [-154.21732248936246:137.28937228385595] [-125.31051448605251:289.81914206493508] [-30.177840215272376:29.245215683319479] [-37.708926161023477:50.997793059329425]
tree_sizes=1858 1862 1859 1863 1881 1867 1870 1865 1873 1878

Tree=0
num_leaves=16
num_cat=0
split_feature=2 4 4 0 4 4 2 4 2 4 4 2 2 2 3
split_gain=91666.1 23119.6 10901 8207.92 1915.46 2201.79 1547.66 1427.46 1278.39 1148.36 1081.13 2685.85 1154.13 1017.29 999.893
threshold=38.17780178790958 -1.4814356696679061 10.747638545605204 -10444.450152003306 -24.462731565813709 2.8252987349771606 -1.3158047383977445 25.555929317450765 -77.127337398028686 -4.3138236858766161 -6.1386432336058254 28.209233685152658 32.55606419849105 49.500609948660347 -3.8567630666161512
decision_type=2 2 2 2 2 2 2 2 2 2 2 2 2 2 2
left_child=2 9 3 10 -5 8 -4 -8 -6 -2 11 -1 -12 -3 -11
right_child=1 13 6 4 5 -7 7 -9 -10 14 12 -13 -14 -15 -16
leaf_value=-0.26328895582840567 -0.42187015604949957 -0.29548380957890308 -0.33305225342015238 -0.3418455432442189 -0.23595484658758709 -0.2441704191266931 -0.27330812272728855 -0.3333027096308856 -0.20013951178032541 -0.41612450009430552 -0.2869841529771876 -0.37056232387750893 -0.23231754694785967 -0.23877156254412679 -0.33059774616802218
leaf_weight=5131.5734283328056 53638.976646393538 6684.6396765112877 11207.651723906398 1302.9423861056566 13009.619332388043 25159.086419641972 16866.123414963484 5185.119005843997 42600.76366776228 2759.9199951887131 12694.458376169205 4281.2011973559856 5550.6470349729061 6003.7061908096075 2708.3304205089808
leaf_count=20988 219382 27340 45839 5329 53209 102900 68982 21207 174236 11288 51920 17510 22702 24555 11077
internal_value=-0.298843 -0.391128 -0.252642 -0.237441 -0.221564 -0.219624 -0.302794 -0.287415 -0.208518 -0.41742 -0.284554 -0.31208 -0.270353 -0.268649 -0.373765
internal_weight=0 71795.6 142989 109730 82072.4 80769.5 33258.9 22051.2 55610.4 59107.2 27657.9 9412.77 18245.1 12688.3 5468.25
internal_count=878464 293642 584822 448794 335674 330345 136028 90189 227445 241747 113120 38498 74622 51895 22365
is_linear=0
shrinkage=1


Tree=1
num_leaves=16
num_cat=0
split_feature=2 4 4 0 4 4 2 2 4 4 2 2 3 2 2
split_gain=75022.6 19360.4 8731.87 6379.65 1940.82 1795.44 1145.13 1023.17 992.943 867.74 2143.98 1022.62 834.525 829.798 817.168
threshold=38.17780178790958 -1.4814356696679061 12.570468186120928 -26629.907634442898 3.7433784073370515 -24.462731565813709 13.502463903177004 -77.127337398028686 -4.4904066274314287 -6.2150729925396915 28.209233685152658 32.55606419849105 -3.8567630666161512 26.200987884881503 49.188761108012521
decision_type=2 2 2 2 2 2 2 2 2 2 2 2 2 2 2
left_child=2 8 3 9 5 -5 -4 -7 -2 10 -1 13 -10 -11 -3
right_child=1 14 6 4 -6 7 -8 -9 12 11 -12 -13 -14 -15 -16
leaf_value=0.031303528410194063 -0.11350397064280233 0.0019604695006704997 -0.032241843797853158 -0.03928486563842376 0.043990797638214209 0.055169673074850149 0.0086526535060393907 0.08631399567143587 -0.10782573083381444 0.023666452834745833 -0.0655981187633327 0.059303021080780588 -0.032212808915966611 -0.033323481922063795 0.052615113010438232
leaf_weight=5032.7756747305393 52035.462717622519 6429.3872859477997 11958.558335363865 1307.0975461602211 25899.230656117201 13676.685983523726 16020.882566794753 46117.757629334927 2918.7947996556759 10318.020456969738 4179.3763191103935 5913.8166861534119 2919.7875817269087 3395.7604606896639 6310.6443133801222
leaf_count=20482 217541 26283 49103 5382 105263 55475 65451 186385 12189 42135 17298 23984 12017 13864 25612
internal_value=0 -0.0845493 0.0413107 0.0534204 0.0669319 0.076656 -0.00882587 0.0791904 -0.109116 0.0126604 -0.0126589 0.024544 -0.0700128 0.0095548 0.0270517
internal_weight=0 70614.1 143820 115841 87000.8 61101.5 27979.4 59794.4 57874 28839.7 9212.15 19627.6 5838.58 13713.8 12740
internal_count=878464 293642 584822 470268 352505 247242 114554 241860 241747 117763 37780 79983 24206 55999 51895
is_linear=0
shrinkage=0.1


Tree=2
num_leaves=16
num_cat=0
split_feature=2 4 4 0 4 4 4 2 4 0 2 2 2 4 2
split_gain=61644.4 16347.8 7064.35 5219.82 1326.38 1245.38 1524.67 1238.97 994.712 902.088 761.922 733.792 2318.66 1369.04 954.826
threshold=38.17780178790958 -2.4315505831990865 10.747638545605204 -26629.907634442898 21.486572623311364 -24.462731565813709 -0.16494962010537503 -72.27724272622315 1.6361990162493749 -28309.445650212281 -76.308830623388872 33.325410414992355 27.016750759537263 -0.98175373022075252 -99.168946664183068
decision_type=2 2 2 2 2 2 2 2 2 2 2 2 2 2 2
left_child=2 -2 3 11 7 -5 10 -4 -3 -6 -7 12 14 -14 -1
right_child=1 8 4 5 9 6 -8 -9 -10 -11 -12 -13 13 -15 -16
leaf_value=-0.041376107706263487 -0.10241054853303687 -0.020004630050647221 -0.031750044954754246 -0.035618646890466128 0.043901789887338685 0.054974974312099426 0.047940708458357045 0.023602003702339468 0.036560119306917598 -0.04306329774834846 0.083542431875788609 0.042339807249680388 -0.079231341544636139 0.013084303407424714 0.03504490354948233
leaf_weight=1874.9800774902105 55048.670628204942 4613.454409584403 5299.4630379229784 1297.9681444466114 1364.3912319988012 13106.395477414131 36718.276646211743 17067.531295582652 9532.835117161274 9482.9226219058037 32454.916736781597 5982.9076867103577 4342.1845711767673 2549.7674326449633 12770.028016507626
leaf_count=7616 235996 18930 21853 5382 5583 52824 148034 69622 38716 38970 130242 24330 18053 10407 51906
internal_value=0 -0.0777706 0.0370354 0.0491329 -0.00342915 0.061571 0.0631042 0.0104873 0.018113 -0.0321247 0.0753246 0.0113585 0.00275201 -0.045078 0.0252608
internal_weight=0 69195 144312 111097 33214.3 83577.6 82279.6 22367 14146.3 10847.3 45561.3 27519.9 21537 6891.95 14645
internal_count=878464 293642 584822 448794 136028 336482 331100 91475 57646 44553 183066 112312 87982 28460 59522
is_linear=0
shrinkage=0.1


Tree=3
num_leaves=16
num_cat=0
split_feature=2 4 4 0 4 4 2 2 4 4 0 3 2 4 2
split_gain=50799.9 14053.2 5874.18 3790.25 1521.59 1086.8 953.773 1749.21 1215.94 928.651 845.411 833.873 829.454 762.901 758.356
threshold=37.201072736187804 -2.6710706388843266 13.812099874502573 -8896.4431876731142 5.6979287144234698 -24.462731565813709 33.064255103611792 26.200987884881503 -0.98175373022075252 0.60691320140463045 -28309.445650212281 17.598376603117263 -98.390823787162262 21.486572623311364 30.630664761983244
decision_type=2 2 2 2 2 2 2 2 2 2 2 2 2 2 2
left_child=2 -2 3 6 5 -5 7 12 -9 -3 -4 -7 -1 -12 -10
right_child=1 9 10 4 -6 11 -8 8 14 -11 13 -13 -14 -15 -16
leaf_value=-0.030149793147099754 -0.095015522511231687 -0.025383746745827346 0.040447320057392905 -0.031390479391825175 0.029615288417793751 0.065220428635614655 0.046282729935422193 -0.075070569568274279 -0.065913357560810279 0.029947727095918808 -0.0012756146451561095 0.022750139333547012 0.030306599695282949 -0.039047720259246799 0.045036265391806704
leaf_weight=2723.2318627238274 53527.309623286128 4216.1189600080252 2846.7254881113768 1268.1360793113708 21131.148759648204 62042.166129589081 6294.0158213526011 4046.3738999813795 898.75231133401394 10811.444520041347 12453.835686802864 4995.2816738784313 13617.016424506903 9370.540151655674 1958.5952634364367
leaf_count=11122 236089 17464 11565 5296 85315 248619 25489 17112 3677 43756 51023 20028 55139 38796 7974
internal_value=0 -0.0710258 0.0336 0.0428086 0.0530661 0.0603209 0.0117506 0.00239998 -0.039804 0.014424 -0.0108079 0.0620558 0.0202311 -0.0174935 0.0101381
internal_weight=0 68554.9 143646 118975 89436.7 68305.6 29538 23244 6903.72 15027.6 24671.1 67037.4 16340.2 21824.4 2857.35
internal_count=878464 297309 581155 479771 359258 273943 120513 95024 28763 61220 101384 268647 66261 89819 11651
is_linear=0
shrinkage=0.1


Tree=4
num_leaves=16
num_cat=0
split_feature=2 4 4 0 2 4 2 4 4 4 2 3 4 2 2
split_gain=41944.8 11853.3 4678.89 3442.92 1185.68 1110.41 917.755 769.134 728.209 706.877 606.989 570.875 549.204 1229.11 608.873
threshold=38.17780178790958 -2.6710706388843266 9.6148702181915109 -26629.907634442898 -79.726856454444572 21.486572623311364 -77.392550924498494 1.0000000180025095e-35 0.72083243287006848 -24.462731565813709 48.01837912573324 -3.8567630666161512 -7.1948048409538705 28.209233685152658 -114.75190885649012
decision_type=2 2 2 2 2 2 2 2 2 2 2 2 2 2 2
left_child=2 -2 3 12 -4 -6 -5 11 9 -8 -9 -3 13 14 -1
right_child=1 7 4 6 5 -7 8 10 -10 -11 -12 -13 -14 -15 -16
leaf_value=-0.095151615582235505 -0.088818282211431343 -0.071799567268477277 -0.048279678220635891 0.029318415923459702 0.018297327297478117 -0.02189639350219379 -0.019259098283646872 -0.00074850148566523724 0.043314057116608906 0.067023912670778715 0.046496740703991263 0.0092994436953113876 0.018685450434422202 -0.057625372914341423 0.032858103120337483
leaf_weight=408.03078293800354 51446.400227040052 1591.9524077773094 4599.0847373902798 16079.340911850333 22437.796907186508 9908.6244455128908 974.26092529296875 4770.9064543843269 26676.705458074808 37354.361173689365 6323.8505997955799 1908.616253644228 18536.304953947663 3456.0778441727161 4158.2446222454309
leaf_count=1670 234214 6737 19058 64475 91135 41134 4096 19358 106927 149459 25445 7888 75282 14807 16779
internal_value=0 -0.0662531 0.0299354 0.0404742 -0.000770155 0.00598485 0.0507096 0.0132861 0.0560008 0.0648307 0.0261806 -0.0275819 0.00922519 -0.0126335 0.0214195
internal_weight=0 66041.7 144589 107643 36945.5 32346.4 81084.7 14595.3 65005.3 38328.6 11094.8 3500.57 26558.7 8022.35 4566.28
internal_count=878464 293642 584822 433495 151327 132269 324957 59428 260482 153555 44803 14625 108538 33256 18449
is_linear=0
shrinkage=0.1


Tree=5
num_leaves=16
num_cat=0
split_feature=2 4 4 0 4 3 4 2 4 2 2 4 2 2 4
split_gain=34422.7 10001.7 3955.65 2782.11 1410.5 784.985 788.913 716.039 685.916 654.441 1236.3 948.427 685.992 613.671 606.221
threshold=38.17780178790958 -3.1469035034988226 16.442015367778883 -8896.4431876731142 2.8252987349771606 -4.754536478579138 2.3258260191258242 -76.308830623388872 -24.462731565813709 32.794530005031511 26.200987884881503 1.945629338229143 -98.390823787162262 -2.2403183025342339 29.423926984216923
decision_type=2 2 2 2 2 2 2 2 2 2 2 2 2 2 2
left_child=2 -2 3 9 8 6 -3 -6 -5 10 12 -12 -1 -4 -15
right_child=1 5 13 4 7 -7 -8 -9 -10 -11 11 -13 -14 14 -16
leaf_value=-0.030266731516210978 -0.083258273539914301 -0.057192236329378955 -0.044297357154364177 -0.021321065748231324 -0.0055659203321521472 0.027139769035977201 0.016423543622844441 0.03258022053838168 0.053188403980685944 0.03301395163643598 -0.065539549474368228 0.013429924880794784 0.022528575605406737 0.0071901430279583999 -0.043389104524223544
leaf_weight=2969.7764762341976 48885.810474917293 2843.5263420194387 5424.6909681409597 1263.1033123284578 5874.7521049380302 9476.2041134983301 2982.8095297515392 30303.91261652112 56565.700108349323 7667.3026118427515 4254.4303371459246 2366.9801009297371 14368.32102842629 10315.486674308777 3076.3619041293859
leaf_count=12229 230040 12169 22737 5321 23814 38543 12015 121764 226638 31073 18328 9622 57942 42286 12843
internal_value=0 -0.0611732 0.0268368 0.033241 0.0418724 0.00938032 -0.0195044 0.026386 0.051561 0.00758519 -0.000552294 -0.03731 0.0134855 -0.0159227 -0.00442887
internal_weight=0 64188.4 144451 125634 94007.5 15302.5 5826.34 36178.7 57828.8 31626.8 23959.5 6621.41 17338.1 18816.5 13391.8
internal_count=877364 292767 584597 506731 377537 62727 24184 145578 231959 129194 98121 27950 70171 77866 55129
is_linear=0
shrinkage=0.1


Tree=6
num_leaves=16
num_cat=0
split_feature=2 4 4 0 2 3 4 3 2 2 4 4 2 0 0
split_gain=28505.1 8643.83 3339.59 2161.04 1000.99 765.73 682.843 959.029 671.351 1599.11 630.144 584.359 583.073 574.683 573.52
threshold=37.201072736187804 -2.2268380943922703 7.7600220650727474 -26629.907634442898 14.158898040597807 15.591843663231616 -5.1914761863691288 -3.8567630666161512 33.325410414992355 27.016750759537263 29.423926984216923 -3.8166589350720552 50.17679932134012 4060.5480895335754 -28309.357004823814
decision_type=2 2 2 2 2 2 2 2 2 2 2 2 2 2 2
left_child=2 6 3 8 -4 -5 -2 -8 9 14 -6 -11 -3 -14 -1
right_child=1 12 4 5 10 -7 7 -9 -10 11 -12 -13 13 -15 -16
leaf_value=0.024159307534091051 -0.080408267372626629 -0.0047508142452347994 -0.015828797993840495 0.046035259872812838 0.020100671632022685 0.01093506848346177 -0.083559326931853611 -0.0055543265746726663 0.04122725620412377 -0.070610882458595356 -0.033377189273951578 -0.0078149872431391969 0.08055162907162132 0.014719655599951391 -0.072495233444077781
leaf_weight=12636.365915119648 42923.849100574851 8189.4672862589359 19091.276468023658 68733.824063375592 21968.432554155588 6833.099293500185 3202.3402373343706 3103.6480796486139 4999.0193285048008 3337.5353514403105 2449.0250257104635 2665.3163022994995 1969.4711327850819 4058.8000319451094 645.25749251246452
leaf_count=50908 209089 33366 78820 276072 88849 27411 15416 14182 20141 14814 10291 10979 7944 16398 2684
internal_value=0 -0.0560585 0.0244467 0.0345217 0.00132495 0.0428613 -0.0758941 -0.0451672 0.00856993 0.000104334 0.0147369 -0.042729 0.0126238 0.0362273 0.0194636
internal_weight=0 63447.6 143359 99850.4 43508.7 75566.9 49229.8 6305.99 24283.5 19284.5 24417.5 6002.85 14217.7 6028.27 13281.6
internal_count=877364 296395 580969 403009 177960 303483 238687 29598 99526 79385 99140 25793 57708 24342 53592
is_linear=0
shrinkage=0.1


Tree=7
num_leaves=16
num_cat=0
split_feature=2 4 4 0 4 2 4 4 3 0 2 2 2 4 2
split_gain=23592.7 7354.39 2789.88 1851.84 1028.27 626.241 616.011 600.651 535.008 530.63 519.708 455.844 840.581 677.983 556.88
threshold=38.17780178790958 -3.1469035034988226 16.442015367778883 -8896.4431876731142 0.86105452502900814 -78.516322101496058 0.72083243287006848 -21.344427714938643 -3.8567630666161512 -28309.445650212281 -75.779058223473513 32.794530005031511 26.200987884881503 0.20209058321859533 30.131977740637286
decision_type=2 2 2 2 2 2 2 2 2 2 2 2 2 2 2
left_child=2 -2 3 11 7 -6 8 -5 -3 -4 -9 12 -1 -14 -15
right_child=1 6 9 4 5 -7 -8 10 -10 -11 -12 -13 13 14 -16
leaf_value=0.010873570624264009 -0.072482544167764867 -0.057723090808294686 0.030828790415994341 -0.011793796671294245 -0.0094103944778616486 0.02744157384046695 0.02154161689141551 0.030364621925263555 0.00845693760756259 -0.020486648074334049 0.052967016717417451 0.027408520865581456 -0.05866789988100829 -0.070606368236846531 0.033537540053427323
leaf_weight=17353.855639576912 45693.179625868797 2225.9506008327007 2296.8878695070744 1857.6010291725397 5241.4258211404085 38354.477597728372 10340.730801105499 14563.647930502892 2707.1292136162519 16425.094951316714 33743.813097327948 7682.3459930121899 3780.5678716599941 689.55023258924484 2010.4240787774324
leaf_count=70171 230040 9900 9301 7693 21251 153953 41617 58391 11210 68565 136249 31073 16976 2834 8140
internal_value=0 -0.0524021 0.0218148 0.0271956 0.0342446 0.023011 0.00767073 0.0440071 -0.0214054 -0.0141911 0.0461529 0.00622527 -0.000602556 -0.0313338 0.00694008
internal_weight=0 60967 144000 125278 93761 43595.9 15273.8 50165.1 4933.08 18722 48307.5 31516.7 23834.4 6480.54 2699.97
internal_count=877364 292767 584597 506731 377537 175204 62727 202333 21110 77866 194640 129194 98121 27950 10974
is_linear=0
shrinkage=0.1


Tree=8
num_leaves=16
num_cat=0
split_feature=2 4 4 0 3 3 4 1 1 1 2 2 4 2 2
split_gain=19564.2 6381.76 2365.85 1370.79 860.256 838.398 692.747 692.733 563.685 796.431 546.636 656.312 770.848 637.609 508.844
threshold=37.201072736187804 -4.1167431398340701 13.812099874502573 -26629.907634442898 19.530796207231198 -4.754536478579138 2.3258260191258242 80.238603728404769 -36.031141573743398 -96.043705146300525 33.325410414992355 26.200987884881503 -1.9233439204434359 30.881631583470838 -2.2403183025342339
decision_type=2 2 2 2 2 2 2 2 2 2 2 2 2 2 2
left_child=2 -2 3 10 7 6 -3 8 9 -5 11 -1 -13 -14 -4
right_child=1 5 14 4 -6 -7 -8 -9 -10 -11 -12 12 13 -15 -16
leaf_value=0.011162046944372082 -0.068885676962032544 -0.053552203148091893 -0.030284064186460648 0.046421807792839442 -0.013271104323579717 0.020077725909578101 0.010535926390780355 0.015399188248669329 0.046354786179858706 0.013829077893749634 0.03439417323158709 -0.056950878408449139 -0.053757583822398272 0.038923414863515006 0.0011033671158769147
leaf_weight=16019.71335926652 42729.45607277751 3752.2924638390541 7409.9177460074425 13390.126236259937 4030.8678855150938 10761.810812041163 3063.7731464803219 16215.596720904112 38787.377105817199 17036.094581633806 5753.3956008404493 3699.5116650462151 1095.7637259960175 2301.0757824927568 17048.768256172538
leaf_count=64652 222622 17285 31401 54058 16188 44174 12314 65397 156513 68750 23113 16952 4575 9297 70073
internal_value=0 -0.0480213 0.0199068 0.025759 0.0318732 0.00269707 -0.024745 0.0340033 0.0383619 0.0281727 0.00681224 -5.26703e-05 -0.0253694 0.00902607 -0.00840566
internal_weight=0 60307.3 142788 118330 89460.1 17577.9 6816.07 85429.2 69213.6 30426.2 28869.5 23116.1 7096.35 3396.84 24458.7
internal_count=877364 296395 580969 479495 360906 73773 29599 344718 279321 122808 118589 95476 30824 13872 101474
is_linear=0
shrinkage=0.1


Tree=9
num_leaves=16
num_cat=0
split_feature=2 4 4 0 2 4 3 4 2 4 4 4 2 2 4
split_gain=16183.8 5473.35 2041.94 1158.33 781.195 757.709 682.681 590.411 587.049 434.766 396.028 399.938 355.986 1216.29 545.361
threshold=37.201072736187804 -4.1167431398340701 6.7036597885281397 -8896.4431876731142 -81.879316176364583 24.832823208589812 -3.8567630666161512 1.4022855159001824 -79.726856454444572 -24.462731565813709 -24.462731565813709 -1.1486717046475865 27.43504209402872 32.308941049593578 -8.0226248945061283
decision_type=2 2 2 2 2 2 2 2 2 2 2 2 2 2 2
left_child=2 -2 3 9 -4 -6 7 -3 -5 -1 -10 -12 -11 -14 -15
right_child=1 6 4 8 5 -7 -8 -9 10 12 11 -13 13 14 -16
leaf_value=-0.086131256379717358 -0.064260470631138933 -0.051934043578661007 -0.037176299855988922 0.0090817449842999828 0.011115643042651138 -0.025317448824779643 0.01816901495966914 0.0069003338648553278 -0.021109169030231606 0.020457895607459614 0.044382700195703437 0.027992407709794994 -0.047746100241549121 -0.037148591576612038 0.037010482261760458
leaf_weight=488.72199112176895 41300.793309807777 3386.497279047966 4792.9170780777931 9086.6020468473434 36281.599422365427 6774.15687084198 10712.376132234931 3436.5088547021151 1178.9465459287167 12622.256853580475 34982.439797744155 25916.762050494552 4000.9571530222893 1229.8191140294075 5120.3227609544992
leaf_count=1983 222622 16069 20125 36470 146945 28678 43883 13821 4925 50785 142429 104446 18230 5288 20665
internal_value=0 -0.0443866 0.0179557 0.0264686 0.00112032 0.00538346 0.00242207 -0.0223012 0.0328214 0.00719971 0.0362962 0.0374075 0.00918517 -0.00456092 0.0226482
internal_weight=0 58836.2 142476 94626.8 47848.7 43055.8 17535.4 6823.01 71164.8 23462.1 62078.1 60899.2 22973.4 10351.1 6350.14
internal_count=877364 296395 580969 385221 195748 175623 73773 29890 288270 96951 251800 246875 94968 44183 25953
is_linear=0
shrinkage=0.1


end of trees

feature_importances:
Column_4=64
Column_2=57
Column_0=15
Column_3=11
Column_1=3

parameters:
[boosting: gbdt]
[objective: binary]
[metric: binary_logloss]
[tree_learner: serial]
[device_type: cpu]
[data_sample_strategy: bagging]
[data: ]
[valid: ]
[num_iterations: 10]
[learning_rate: 0.1]
[num_leaves: 16]
[num_threads: 0]
[seed: 0]
[deterministic: 0]
[force_col_wise: 0]
[force_row_wise: 0]
[histogram_pool_size: -1]
[max_depth: -1]
[min_data_in_leaf: 20]
[min_sum_hessian_in_leaf: 0.001]
[bagging_fraction: 0.6]
[pos_bagging_fraction: 1]
[neg_bagging_fraction: 1]
[bagging_freq: 5]
[bagging_seed: 3]
[feature_fraction: 0.9]
[feature_fraction_bynode: 1]
[feature_fraction_seed: 2]
[extra_trees: 0]
[extra_seed: 6]
[early_stopping_round: 0]
[early_stopping_min_delta: 0]
[first_metric_only: 0]
[max_delta_step: 0]
[lambda_l1: 0]
[lambda_l2: 0]
[linear_lambda: 0]
[min_gain_to_split: 0]
[drop_rate: 0.1]
[max_drop: 50]
[skip_drop: 0.5]
[xgboost_dart_mode: 0]
[uniform_drop: 0]
[drop_seed: 4]
[top_rate: 0.2]
[other_rate: 0.1]
[min_data_per_group: 100]
[max_cat_threshold: 32]
[cat_l2: 10]
[cat_smooth: 10]
[max_cat_to_onehot: 4]
[top_k: 20]
[monotone_constraints: ]
[monotone_constraints_method: basic]
[monotone_penalty: 0]
[feature_contri: ]
[forcedsplits_filename: ]
[refit_decay_rate: 0.9]
[cegb_tradeoff: 1]
[cegb_penalty_split: 0]
[cegb_penalty_feature_lazy: ]
[cegb_penalty_feature_coupled: ]
[path_smooth: 0]
[interaction_constraints: ]
[verbosity: 2]
[saved_feature_importance_type: 0]
[use_quantized_grad: 0]
[num_grad_quant_bins: 4]
[quant_train_renew_leaf: 0]
[stochastic_rounding: 1]
[linear_tree: 0]
[max_bin: 255]
[max_bin_by_feature: ]
[min_data_in_bin: 3]
[bin_construct_sample_cnt: 200000]
[data_random_seed: 1]
[is_enable_sparse: 1]
[enable_bundle: 1]
[use_missing: 1]
[zero_as_missing: 0]
[feature_pre_filter: 1]
[pre_partition: 0]
[two_round: 0]
[header: 0]
[label_column: ]
[weight_column: ]
[group_column: ]
[ignore_column: ]
[categorical_feature: ]
[forcedbins_filename: ]
[precise_float_parser: 0]
[parser_config_file: ]
[objective_seed: 5]
[num_class: 1]
[is_unbalance: 0]
[scale_pos_weight: 1]
[sigmoid: 1]
[boost_from_average: 1]
[reg_sqrt: 0]
[alpha: 0.9]
[fair_c: 1]
[poisson_max_delta_step: 0.7]
[tweedie_variance_power: 1.5]
[lambdarank_truncation_level: 30]
[lambdarank_norm: 1]
[label_gain: ]
[lambdarank_position_bias_regularization: 0]
[eval_at: ]
[multi_error_top_k: 1]
[auc_mu_weights: ]
[num_machines: 1]
[local_listen_port: 12400]
[time_out: 120]
[machine_list_filename: ]
[machines: ]
[gpu_platform_id: -1]
[gpu_device_id: -1]
[gpu_use_dp: 0]
[num_gpu: 1]

end of parameters

pandas_categorical:null
